W
0
3
3
W
7
4
3
g
0
8
3
g
0
9
3
W
2
2
4
W
3
3
4
g
0
8
4
A
86
13
4
W
17
0
5
W
0
4
5
W
2
5
5
W
5
6
5
W
0
7
5
t
0
17
5
W
22
0
6
W
0
2
6
W
6
3
6
W
4
5
6
W
15
6
6
W
1
7
6
W
1
1
7
W
82
2
7
W
30
3
7
W
35
4
7
W
1
5
7
W
4
6
7
W
14
7
7
W
3
8
7
W
4
9
7
W
10
10
7
W
35
11
7
W
81
18
7
W
5
0
8
W
39
1
8
W
11
2
8
W
8
3
8
W
18
4
8
W
11
5
8
W
4
6
8
W
9
7
8
W
10
0
9
W
9
1
9
W
8
2
9
W
4
3
9
W
11
4
9
W
10
5
9
W
6
6
9
W
12
7
9
W
2
8
9
W
1
9
9
W
18
10
9
W
0
11
9
W
15
14
9
W
12
0
10
W
3
1
10
W
10
2
10
W
23
3
10
W
7
4
10
W
14
5
10
W
17
6
10
W
0
7
10
W
4
8
10
W
0
9
10
W
2
12
10
W
1
14
10
t
0
18
10
W
14
0
11
W
14
1
11
W
5
2
11
W
5
3
11
W
11
4
11
W
4
5
11
W
18
6
11
W
3
7
11
W
8
8
11
W
8
9
11
W
12
10
11
W
13
11
11
W
11
12
11
W
6
14
11
W
43
0
12
W
21
1
12
W
26
2
12
W
15
3
12
W
19
4
12
W
21
5
12
W
15
6
12
W
14
7
12
W
2
8
12
W
8
10
12
W
4
11
12
W
3
12
12
W
12
0
13
W
22
1
13
W
14
2
13
W
36
3
13
W
25
4
13
W
24
5
13
W
18
6
13
W
16
7
13
W
14
8
13
W
14
9
13
W
5
10
13
W
8
11
13
W
4
12
13
W
1
13
13
W
31
0
14
W
23
1
14
W
27
2
14
W
29
3
14
W
30
4
14
W
25
5
14
W
15
6
14
W
21
7
14
W
22
8
14
W
14
9
14
W
7
10
14
W
17
11
14
W
2
12
14
W
4
13
14
W
3
15
14
W
28
0
15
W
33
1
15
W
24
2
15
W
27
3
15
W
25
4
15
W
31
5
15
W
20
6
15
W
14
7
15
W
21
8
15
W
18
9
15
W
5
10
15
W
0
11
15
W
4
12
15
W
2
13
15
W
1
14
15
W
0
15
15
W
34
0
16
W
80
1
16
W
80
2
16
W
28
3
16
W
31
4
16
W
23
5
16
W
18
6
16
W
0
7
16
W
16
8
16
W
7
9
16
W
10
10
16
W
7
11
16
W
0
12
16
W
0
13
16
W
39
0
17
W
27
1
17
W
9
2
17
W
21
3
17
W
38
4
17
W
39
5
17
W
18
6
17
W
28
7
17
W
11
8
17
W
10
9
17
W
5
10
17
W
0
11
17
W
2
12
17
W
8
13
17
W
21
0
18
W
44
1
18
W
29
2
18
W
14
3
18
W
22
4
18
W
17
5
18
W
23
6
18
W
14
7
18
W
47
8
18
W
20
9
18
W
4
10
18
W
2
11
18
W
48
12
18
W
2
15
18
W
26
0
19
W
26
1
19
W
17
2
19
W
20
3
19
W
30
4
19
W
25
5
19
W
43
6
19
W
13
7
19
W
12
8
19
W
8
11
19
W
16
12
19
